41 54 14 6 71 66 58 24 25 4 13 72 21 2 46 1 33 42 3 43 11 54 41 =3421
41 16 10 35 9 20 3 15 7 32 42 6 14 11 54 81 67 74 37 18 19 5 55 52 28 24 12 21 2 27 63 47 56 13 4 13 49 12 21 2 21 12 23 24 25 4 13 49 72 47 63 27 31 1 31 27 2 21 12 23 24 25 4 36 75 8 53 61 28 52 55 5 19 18 6 14 11 16 10 35 9 20 3 15 7 32 42 6 14 11 16 10 17 22 39 59 34 41 
41 16 10 35 9 20 3 15 7 32 42 6 14 11 54 81 67 74 37 18 19 5 55 52 28 24 12 21 2 27 63 47 56 13 49 4 13 49 12 21 2 21 12 23 24 25 4 13 49 72 47 63 27 31 1 31 27 2 21 12 23 24 25 4 36 75 8 53 61 28 52 55 5 19 18 6 14 11 16 10 35 9 20 3 15 7 32 42 6 14 11 16 10 17 22 39 59 34 41 
41 16 10 35 9 20 3 15 7 32 42 6 14 11 54 81 67 74 37 18 19 5 55 52 28 24 12 21 2 27 63 47 56 13 49 25 4 13 49 12 21 2 21 12 23 24 25 4 13 49 72 47 63 27 31 1 31 27 2 21 12 23 24 25 4 36 75 8 53 61 28 52 55 5 19 18 6 14 11 16 10 35 9 20 3 15 7 32 42 6 14 11 16 10 17 22 39 59 34 41 
41 16 10 35 9 20 3 15 7 32 42 6 14 11 54 81 67 74 37 18 19 5 55 52 28 24 12 21 2 27 63 47 56 13 49 25 8 75 36 4 13 49 12 21 2 21 12 23 24 25 4 13 49 72 47 63 27 31 1 31 27 2 21 12 23 24 25 4 36 75 8 53 61 28 52 55 5 19 18 6 14 11 16 10 35 9 20 3 15 7 32 42 6 14 11 16 10 17 22 39 59 34 41 
41 16 10 35 9 20 3 15 7 32 42 6 14 11 54 81 67 74 37 18 19 5 55 52 28 24 12 21 2 27 63 47 56 13 49 25 8 75 36 76 4 13 49 12 21 2 21 12 23 24 25 4 13 49 72 47 63 27 31 1 31 27 2 21 12 23 24 25 4 36 75 8 53 61 28 52 55 5 19 18 6 14 11 16 10 35 9 20 3 15 7 32 42 6 14 11 16 10 17 22 39 59 34 41 
41 16 10 35 9 20 3 15 7 32 42 6 14 11 54 81 67 74 37 18 19 5 55 52 28 24 12 21 2 27 63 47 56 13 49 25 36 4 13 49 12 21 2 21 12 23 24 25 4 13 49 72 47 63 27 31 1 31 27 2 21 12 23 24 25 4 36 75 8 53 61 28 52 55 5 19 18 6 14 11 16 10 35 9 20 3 15 7 32 42 6 14 11 16 10 17 22 39 59 34 41 
41 16 10 35 9 20 3 15 7 32 42 6 14 11 54 81 67 74 37 18 19 5 55 52 28 24 12 21 2 27 63 47 56 13 49 25 36 76 4 13 49 12 21 2 21 12 23 24 25 4 13 49 72 47 63 27 31 1 31 27 2 21 12 23 24 25 4 36 75 8 53 61 28 52 55 5 19 18 6 14 11 16 10 35 9 20 3 15 7 32 42 6 14 11 16 10 17 22 39 59 34 41 
41 16 10 35 9 20 3 15 7 32 42 6 14 11 54 81 67 74 37 18 19 5 55 52 28 24 12 21 2 27 63 47 56 13 49 25 53 8 75 36 4 13 49 12 21 2 21 12 23 24 25 4 13 49 72 47 63 27 31 1 31 27 2 21 12 23 24 25 4 36 75 8 53 61 28 52 55 5 19 18 6 14 11 16 10 35 9 20 3 15 7 32 42 6 14 11 16 10 17 22 39 59 34 41 
41 16 10 35 9 20 3 15 7 32 42 6 14 11 54 81 67 74 37 18 19 5 55 52 28 24 12 21 2 27 63 47 56 13 49 25 53 8 75 36 76 4 13 49 12 21 2 21 12 23 24 25 4 13 49 72 47 63 27 31 1 31 27 2 21 12 23 24 25 4 36 75 8 53 61 28 52 55 5 19 18 6 14 11 16 10 35 9 20 3 15 7 32 42 6 14 11 16 10 17 22 39 59 34 41 
41 16 10 35 9 20 3 15 7 32 42 6 14 11 54 81 67 74 37 18 19 5 55 52 28 24 12 21 2 27 63 47 56 13 49 25 69 29 61 53 8 75 36 4 13 49 12 21 2 21 12 23 24 25 4 13 49 72 47 63 27 31 1 31 27 2 21 12 23 24 25 4 36 75 8 53 61 28 52 55 5 19 18 6 14 11 16 10 35 9 20 3 15 7 32 42 6 14 11 16 10 17 22 39 59 34 41 
41 16 10 35 9 20 3 15 7 32 42 6 14 11 54 81 67 74 37 18 19 5 55 52 28 24 12 21 2 27 63 47 56 13 49 25 69 29 61 53 8 75 36 76 4 13 49 12 21 2 21 12 23 24 25 4 13 49 72 47 63 27 31 1 31 27 2 21 12 23 24 25 4 36 75 8 53 61 28 52 55 5 19 18 6 14 11 16 10 35 9 20 3 15 7 32 42 6 14 11 16 10 17 22 39 59 34 41 
41 16 10 35 9 20 3 15 7 32 42 6 14 11 54 81 67 74 37 18 19 5 55 52 28 24 12 21 2 27 63 47 56 13 49 25 69 53 8 75 36 4 13 49 12 21 2 21 12 23 24 25 4 13 49 72 47 63 27 31 1 31 27 2 21 12 23 24 25 4 36 75 8 53 61 28 52 55 5 19 18 6 14 11 16 10 35 9 20 3 15 7 32 42 6 14 11 16 10 17 22 39 59 34 41 
41 16 10 35 9 20 3 15 7 32 42 6 14 11 54 81 67 74 37 18 19 5 55 52 28 24 12 21 2 27 63 47 56 13 49 25 69 53 8 75 36 76 4 13 49 12 21 2 21 12 23 24 25 4 13 49 72 47 63 27 31 1 31 27 2 21 12 23 24 25 4 36 75 8 53 61 28 52 55 5 19 18 6 14 11 16 10 35 9 20 3 15 7 32 42 6 14 11 16 10 17 22 39 59 34 41 
41 16 10 35 9 20 3 15 7 32 42 6 14 11 54 81 67 74 37 18 19 5 55 52 28 24 12 21 2 27 63 47 56 13 49 25 69 61 53 8 75 36 4 13 49 12 21 2 21 12 23 24 25 4 13 49 72 47 63 27 31 1 31 27 2 21 12 23 24 25 4 36 75 8 53 61 28 52 55 5 19 18 6 14 11 16 10 35 9 20 3 15 7 32 42 6 14 11 16 10 17 22 39 59 34 41 
41 16 10 35 9 20 3 15 7 32 42 6 14 11 54 81 67 74 37 18 19 5 55 52 28 24 12 21 2 27 63 47 56 13 49 25 69 61 53 8 75 36 76 4 13 49 12 21 2 21 12 23 24 25 4 13 49 72 47 63 27 31 1 31 27 2 21 12 23 24 25 4 36 75 8 53 61 28 52 55 5 19 18 6 14 11 16 10 35 9 20 3 15 7 32 42 6 14 11 16 10 17 22 39 59 34 41 
41 16 10 35 9 20 3 15 7 32 42 6 14 11 54 81 67 74 37 18 19 5 55 52 28 24 12 21 2 27 63 47 56 13 49 25 75 36 4 13 49 12 21 2 21 12 23 24 25 4 13 49 72 47 63 27 31 1 31 27 2 21 12 23 24 25 4 36 75 8 53 61 28 52 55 5 19 18 6 14 11 16 10 35 9 20 3 15 7 32 42 6 14 11 16 10 17 22 39 59 34 41 
41 16 10 35 9 20 3 15 7 32 42 6 14 11 54 81 67 74 37 18 19 5 55 52 28 24 12 21 2 27 63 47 56 13 49 25 75 36 76 4 13 49 12 21 2 21 12 23 24 25 4 13 49 72 47 63 27 31 1 31 27 2 21 12 23 24 25 4 36 75 8 53 61 28 52 55 5 19 18 6 14 11 16 10 35 9 20 3 15 7 32 42 6 14 11 16 10 17 22 39 59 34 41 
41 16 10 35 9 20 3 15 7 32 42 6 14 11 54 81 67 74 37 18 19 5 55 52 28 24 12 21 2 27 63 47 56 13 65 4 13 49 12 21 2 21 12 23 24 25 4 13 49 72 47 63 27 31 1 31 27 2 21 12 23 24 25 4 36 75 8 53 61 28 52 55 5 19 18 6 14 11 16 10 35 9 20 3 15 7 32 42 6 14 11 16 10 17 22 39 59 34 41 
41 16 10 35 9 20 3 15 7 32 42 6 14 11 54 81 67 74 37 18 19 5 55 52 28 24 12 21 2 27 63 47 56 13 72 49 4 13 49 12 21 2 21 12 23 24 25 4 13 49 72 47 63 27 31 1 31 27 2 21 12 23 24 25 4 36 75 8 53 61 28 52 55 5 19 18 6 14 11 16 10 35 9 20 3 15 7 32 42 6 14 11 16 10 17 22 39 59 34 41 
41 16 10 35 9 20 3 15 7 32 42 6 14 11 54 81 67 74 37 18 19 5 55 52 28 24 12 21 2 27 63 47 56 13 72 49 25 4 13 49 12 21 2 21 12 23 24 25 4 13 49 72 47 63 27 31 1 31 27 2 21 12 23 24 25 4 36 75 8 53 61 28 52 55 5 19 18 6 14 11 16 10 35 9 20 3 15 7 32 42 6 14 11 16 10 17 22 39 59 34 41 
41 16 10 35 9 20 3 15 7 32 42 6 14 11 54 81 67 74 37 18 19 5 55 52 28 24 12 21 2 27 63 47 56 13 72 49 25 8 75 36 4 13 49 12 21 2 21 12 23 24 25 4 13 49 72 47 63 27 31 1 31 27 2 21 12 23 24 25 4 36 75 8 53 61 28 52 55 5 19 18 6 14 11 16 10 35 9 20 3 15 7 32 42 6 14 11 16 10 17 22 39 59 34 41 
41 16 10 35 9 20 3 15 7 32 42 6 14 11 54 81 67 74 37 18 19 5 55 52 28 24 12 21 2 27 63 47 56 13 72 49 25 8 75 36 76 4 13 49 12 21 2 21 12 23 24 25 4 13 49 72 47 63 27 31 1 31 27 2 21 12 23 24 25 4 36 75 8 53 61 28 52 55 5 19 18 6 14 11 16 10 35 9 20 3 15 7 32 42 6 14 11 16 10 17 22 39 59 34 41 
41 16 10 35 9 20 3 15 7 32 42 6 14 11 54 81 67 74 37 18 19 5 55 52 28 24 12 21 2 27 63 47 56 13 72 49 25 36 4 13 49 12 21 2 21 12 23 24 25 4 13 49 72 47 63 27 31 1 31 27 2 21 12 23 24 25 4 36 75 8 53 61 28 52 55 5 19 18 6 14 11 16 10 35 9 20 3 15 7 32 42 6 14 11 16 10 17 22 39 59 34 41 
41 16 10 35 9 20 3 15 7 32 42 6 14 11 54 81 67 74 37 18 19 5 55 52 28 24 12 21 2 27 63 47 56 13 72 49 25 36 76 4 13 49 12 21 2 21 12 23 24 25 4 13 49 72 47 63 27 31 1 31 27 2 21 12 23 24 25 4 36 75 8 53 61 28 52 55 5 19 18 6 14 11 16 10 35 9 20 3 15 7 32 42 6 14 11 16 10 17 22 39 59 34 41 
41 16 10 35 9 20 3 15 7 32 42 6 14 11 54 81 67 74 37 18 19 5 55 52 28 24 12 21 2 27 63 47 56 13 72 49 25 53 8 75 36 4 13 49 12 21 2 21 12 23 24 25 4 13 49 72 47 63 27 31 1 31 27 2 21 12 23 24 25 4 36 75 8 53 61 28 52 55 5 19 18 6 14 11 16 10 35 9 20 3 15 7 32 42 6 14 11 16 10 17 22 39 59 34 41 
41 16 10 35 9 20 3 15 7 32 42 6 14 11 54 81 67 74 37 18 19 5 55 52 28 24 12 21 2 27 63 47 56 13 72 49 25 53 8 75 36 76 4 13 49 12 21 2 21 12 23 24 25 4 13 49 72 47 63 27 31 1 31 27 2 21 12 23 24 25 4 36 75 8 53 61 28 52 55 5 19 18 6 14 11 16 10 35 9 20 3 15 7 32 42 6 14 11 16 10 17 22 39 59 34 41 
41 16 10 35 9 20 3 15 7 32 42 6 14 11 54 81 67 74 37 18 19 5 55 52 28 24 12 21 2 27 63 47 56 13 72 49 25 69 29 61 53 8 75 36 4 13 49 12 21 2 21 12 23 24 25 4 13 49 72 47 63 27 31 1 31 27 2 21 12 23 24 25 4 36 75 8 53 61 28 52 55 5 19 18 6 14 11 16 10 35 9 20 3 15 7 32 42 6 14 11 16 10 17 22 39 59 34 41 
41 16 10 35 9 20 3 15 7 32 42 6 14 11 54 81 67 74 37 18 19 5 55 52 28 24 12 21 2 27 63 47 56 13 72 49 25 69 29 61 53 8 75 36 76 4 13 49 12 21 2 21 12 23 24 25 4 13 49 72 47 63 27 31 1 31 27 2 21 12 23 24 25 4 36 75 8 53 61 28 52 55 5 19 18 6 14 11 16 10 35 9 20 3 15 7 32 42 6 14 11 16 10 17 22 39 59 34 41 
41 16 10 35 9 20 3 15 7 32 42 6 14 11 54 81 67 74 37 18 19 5 55 52 28 24 12 21 2 27 63 47 56 13 72 49 25 69 53 8 75 36 4 13 49 12 21 2 21 12 23 24 25 4 13 49 72 47 63 27 31 1 31 27 2 21 12 23 24 25 4 36 75 8 53 61 28 52 55 5 19 18 6 14 11 16 10 35 9 20 3 15 7 32 42 6 14 11 16 10 17 22 39 59 34 41 
41 16 10 35 9 20 3 15 7 32 42 6 14 11 54 81 67 74 37 18 19 5 55 52 28 24 12 21 2 27 63 47 56 13 72 49 25 69 53 8 75 36 76 4 13 49 12 21 2 21 12 23 24 25 4 13 49 72 47 63 27 31 1 31 27 2 21 12 23 24 25 4 36 75 8 53 61 28 52 55 5 19 18 6 14 11 16 10 35 9 20 3 15 7 32 42 6 14 11 16 10 17 22 39 59 34 41 
2 21 12 49 13 4 13 49 12 21 2 21 12 23 24 25 4 13 49 72 47 63 27 31 1 31 27 2 21 12 23 24 25 4 36 75 8 53 61 28 52 55 5 19 18 6 14 11 16 10 35 9 20 3 15 7 32 42 6 14 11 16 10 17 22 39 59 34 41 
2 27 31 1 33 42 32 7 15 3 20 9 35 10 16 11 14 6 18 19 5 55 52 28 61 53 8 25 24 23 21 12 49 13 4 13 49 12 21 2 21 12 23 24 25 4 13 49 72 47 63 27 31 1 31 27 2 21 12 23 24 25 4 36 75 8 53 61 28 52 55 5 19 18 6 14 11 16 10 35 9 20 3 15 7 32 42 6 14 11 16 10 17 22 39 59 34 41 
2 46 27 31 1 33 42 32 7 15 3 20 9 35 10 16 11 14 6 18 19 5 55 52 28 61 53 8 25 24 23 21 12 49 13 4 13 49 12 21 2 21 12 23 24 25 4 13 49 72 47 63 27 31 1 31 27 2 21 12 23 24 25 4 36 75 8 53 61 28 52 55 5 19 18 6 14 11 16 10 35 9 20 3 15 7 32 42 6 14 11 16 10 17 22 39 59 34 41 
2 44 58 66 40 50 38 46 27 31 1 33 42 32 7 15 3 20 9 35 10 16 11 14 6 18 19 5 55 52 28 61 53 8 25 24 23 21 12 49 13 4 13 49 12 21 2 21 12 23 24 25 4 13 49 72 47 63 27 31 1 31 27 2 21 12 23 24 25 4 36 75 8 53 61 28 52 55 5 19 18 6 14 11 16 10 35 9 20 3 15 7 32 42 6 14 11 16 10 17 22 39 59 34 41 
2 44 58 60 66 40 50 38 46 27 31 1 33 42 32 7 15 3 20 9 35 10 16 11 14 6 18 19 5 55 52 28 61 53 8 25 24 23 21 12 49 13 4 13 49 12 21 2 21 12 23 24 25 4 13 49 72 47 63 27 31 1 31 27 2 21 12 23 24 25 4 36 75 8 53 61 28 52 55 5 19 18 6 14 11 16 10 35 9 20 3 15 7 32 42 6 14 11 16 10 17 22 39 59 34 41 
2 44 58 66 71 40 50 38 46 27 31 1 33 42 32 7 15 3 20 9 35 10 16 11 14 6 18 19 5 55 52 28 61 53 8 25 24 23 21 12 49 13 4 13 49 12 21 2 21 12 23 24 25 4 13 49 72 47 63 27 31 1 31 27 2 21 12 23 24 25 4 36 75 8 53 61 28 52 55 5 19 18 6 14 11 16 10 35 9 20 3 15 7 32 42 6 14 11 16 10 17 22 39 59 34 41 
2 44 58 60 66 71 40 50 38 46 27 31 1 33 42 32 7 15 3 20 9 35 10 16 11 14 6 18 19 5 55 52 28 61 53 8 25 24 23 21 12 49 13 4 13 49 12 21 2 21 12 23 24 25 4 13 49 72 47 63 27 31 1 31 27 2 21 12 23 24 25 4 36 75 8 53 61 28 52 55 5 19 18 6 14 11 16 10 35 9 20 3 15 7 32 42 6 14 11 16 10 17 22 39 59 34 41 
2 44 58 66 40 68 51 50 38 46 27 31 1 33 42 32 7 15 3 20 9 35 10 16 11 14 6 18 19 5 55 52 28 61 53 8 25 24 23 21 12 49 13 4 13 49 12 21 2 21 12 23 24 25 4 13 49 72 47 63 27 31 1 31 27 2 21 12 23 24 25 4 36 75 8 53 61 28 52 55 5 19 18 6 14 11 16 10 35 9 20 3 15 7 32 42 6 14 11 16 10 17 22 39 59 34 41 
2 44 58 60 66 40 68 51 50 38 46 27 31 1 33 42 32 7 15 3 20 9 35 10 16 11 14 6 18 19 5 55 52 28 61 53 8 25 24 23 21 12 49 13 4 13 49 12 21 2 21 12 23 24 25 4 13 49 72 47 63 27 31 1 31 27 2 21 12 23 24 25 4 36 75 8 53 61 28 52 55 5 19 18 6 14 11 16 10 35 9 20 3 15 7 32 42 6 14 11 16 10 17 22 39 59 34 41 
2 44 58 66 71 40 68 51 50 38 46 27 31 1 33 42 32 7 15 3 20 9 35 10 16 11 14 6 18 19 5 55 52 28 61 53 8 25 24 23 21 12 49 13 4 13 49 12 21 2 21 12 23 24 25 4 13 49 72 47 63 27 31 1 31 27 2 21 12 23 24 25 4 36 75 8 53 61 28 52 55 5 19 18 6 14 11 16 10 35 9 20 3 15 7 32 42 6 14 11 16 10 17 22 39 59 34 41 
2 44 58 60 66 71 40 68 51 50 38 46 27 31 1 33 42 32 7 15 3 20 9 35 10 16 11 14 6 18 19 5 55 52 28 61 53 8 25 24 23 21 12 49 13 4 13 49 12 21 2 21 12 23 24 25 4 13 49 72 47 63 27 31 1 31 27 2 21 12 23 24 25 4 36 75 8 53 61 28 52 55 5 19 18 6 14 11 16 10 35 9 20 3 15 7 32 42 6 14 11 16 10 17 22 39 59 34 41 
2 44 58 66 50 38 46 27 31 1 33 42 32 7 15 3 20 9 35 10 16 11 14 6 18 19 5 55 52 28 61 53 8 25 24 23 21 12 49 13 4 13 49 12 21 2 21 12 23 24 25 4 13 49 72 47 63 27 31 1 31 27 2 21 12 23 24 25 4 36 75 8 53 61 28 52 55 5 19 18 6 14 11 16 10 35 9 20 3 15 7 32 42 6 14 11 16 10 17 22 39 59 34 41 
2 44 58 60 66 50 38 46 27 31 1 33 42 32 7 15 3 20 9 35 10 16 11 14 6 18 19 5 55 52 28 61 53 8 25 24 23 21 12 49 13 4 13 49 12 21 2 21 12 23 24 25 4 13 49 72 47 63 27 31 1 31 27 2 21 12 23 24 25 4 36 75 8 53 61 28 52 55 5 19 18 6 14 11 16 10 35 9 20 3 15 7 32 42 6 14 11 16 10 17 22 39 59 34 41 
2 44 58 66 40 68 50 38 46 27 31 1 33 42 32 7 15 3 20 9 35 10 16 11 14 6 18 19 5 55 52 28 61 53 8 25 24 23 21 12 49 13 4 13 49 12 21 2 21 12 23 24 25 4 13 49 72 47 63 27 31 1 31 27 2 21 12 23 24 25 4 36 75 8 53 61 28 52 55 5 19 18 6 14 11 16 10 35 9 20 3 15 7 32 42 6 14 11 16 10 17 22 39 59 34 41 
2 44 58 60 66 40 68 50 38 46 27 31 1 33 42 32 7 15 3 20 9 35 10 16 11 14 6 18 19 5 55 52 28 61 53 8 25 24 23 21 12 49 13 4 13 49 12 21 2 21 12 23 24 25 4 13 49 72 47 63 27 31 1 31 27 2 21 12 23 24 25 4 36 75 8 53 61 28 52 55 5 19 18 6 14 11 16 10 35 9 20 3 15 7 32 42 6 14 11 16 10 17 22 39 59 34 41 
2 44 58 66 71 40 68 50 38 46 27 31 1 33 42 32 7 15 3 20 9 35 10 16 11 14 6 18 19 5 55 52 28 61 53 8 25 24 23 21 12 49 13 4 13 49 12 21 2 21 12 23 24 25 4 13 49 72 47 63 27 31 1 31 27 2 21 12 23 24 25 4 36 75 8 53 61 28 52 55 5 19 18 6 14 11 16 10 35 9 20 3 15 7 32 42 6 14 11 16 10 17 22 39 59 34 41 
2 44 58 60 66 71 40 68 50 38 46 27 31 1 33 42 32 7 15 3 20 9 35 10 16 11 14 6 18 19 5 55 52 28 61 53 8 25 24 23 21 12 49 13 4 13 49 12 21 2 21 12 23 24 25 4 13 49 72 47 63 27 31 1 31 27 2 21 12 23 24 25 4 36 75 8 53 61 28 52 55 5 19 18 6 14 11 16 10 35 9 20 3 15 7 32 42 6 14 11 16 10 17 22 39 59 34 41 
2 44 58 66 40 50 51 38 46 27 31 1 33 42 32 7 15 3 20 9 35 10 16 11 14 6 18 19 5 55 52 28 61 53 8 25 24 23 21 12 49 13 4 13 49 12 21 2 21 12 23 24 25 4 13 49 72 47 63 27 31 1 31 27 2 21 12 23 24 25 4 36 75 8 53 61 28 52 55 5 19 18 6 14 11 16 10 35 9 20 3 15 7 32 42 6 14 11 16 10 17 22 39 59 34 41 
2 44 58 60 66 40 50 51 38 46 27 31 1 33 42 32 7 15 3 20 9 35 10 16 11 14 6 18 19 5 55 52 28 61 53 8 25 24 23 21 12 49 13 4 13 49 12 21 2 21 12 23 24 25 4 13 49 72 47 63 27 31 1 31 27 2 21 12 23 24 25 4 36 75 8 53 61 28 52 55 5 19 18 6 14 11 16 10 35 9 20 3 15 7 32 42 6 14 11 16 10 17 22 39 59 34 41 
2 44 58 66 71 40 50 51 38 46 27 31 1 33 42 32 7 15 3 20 9 35 10 16 11 14 6 18 19 5 55 52 28 61 53 8 25 24 23 21 12 49 13 4 13 49 12 21 2 21 12 23 24 25 4 13 49 72 47 63 27 31 1 31 27 2 21 12 23 24 25 4 36 75 8 53 61 28 52 55 5 19 18 6 14 11 16 10 35 9 20 3 15 7 32 42 6 14 11 16 10 17 22 39 59 34 41 
2 44 58 60 66 71 40 50 51 38 46 27 31 1 33 42 32 7 15 3 20 9 35 10 16 11 14 6 18 19 5 55 52 28 61 53 8 25 24 23 21 12 49 13 4 13 49 12 21 2 21 12 23 24 25 4 13 49 72 47 63 27 31 1 31 27 2 21 12 23 24 25 4 36 75 8 53 61 28 52 55 5 19 18 6 14 11 16 10 35 9 20 3 15 7 32 42 6 14 11 16 10 17 22 39 59 34 41 
2 44 58 66 50 51 38 46 27 31 1 33 42 32 7 15 3 20 9 35 10 16 11 14 6 18 19 5 55 52 28 61 53 8 25 24 23 21 12 49 13 4 13 49 12 21 2 21 12 23 24 25 4 13 49 72 47 63 27 31 1 31 27 2 21 12 23 24 25 4 36 75 8 53 61 28 52 55 5 19 18 6 14 11 16 10 35 9 20 3 15 7 32 42 6 14 11 16 10 17 22 39 59 34 41 
2 44 58 60 66 50 51 38 46 27 31 1 33 42 32 7 15 3 20 9 35 10 16 11 14 6 18 19 5 55 52 28 61 53 8 25 24 23 21 12 49 13 4 13 49 12 21 2 21 12 23 24 25 4 13 49 72 47 63 27 31 1 31 27 2 21 12 23 24 25 4 36 75 8 53 61 28 52 55 5 19 18 6 14 11 16 10 35 9 20 3 15 7 32 42 6 14 11 16 10 17 22 39 59 34 41 
2 44 58 66 40 68 50 51 38 46 27 31 1 33 42 32 7 15 3 20 9 35 10 16 11 14 6 18 19 5 55 52 28 61 53 8 25 24 23 21 12 49 13 4 13 49 12 21 2 21 12 23 24 25 4 13 49 72 47 63 27 31 1 31 27 2 21 12 23 24 25 4 36 75 8 53 61 28 52 55 5 19 18 6 14 11 16 10 35 9 20 3 15 7 32 42 6 14 11 16 10 17 22 39 59 34 41 
2 44 58 60 66 40 68 50 51 38 46 27 31 1 33 42 32 7 15 3 20 9 35 10 16 11 14 6 18 19 5 55 52 28 61 53 8 25 24 23 21 12 49 13 4 13 49 12 21 2 21 12 23 24 25 4 13 49 72 47 63 27 31 1 31 27 2 21 12 23 24 25 4 36 75 8 53 61 28 52 55 5 19 18 6 14 11 16 10 35 9 20 3 15 7 32 42 6 14 11 16 10 17 22 39 59 34 41 
2 44 58 66 71 40 68 50 51 38 46 27 31 1 33 42 32 7 15 3 20 9 35 10 16 11 14 6 18 19 5 55 52 28 61 53 8 25 24 23 21 12 49 13 4 13 49 12 21 2 21 12 23 24 25 4 13 49 72 47 63 27 31 1 31 27 2 21 12 23 24 25 4 36 75 8 53 61 28 52 55 5 19 18 6 14 11 16 10 35 9 20 3 15 7 32 42 6 14 11 16 10 17 22 39 59 34 41 
2 44 58 60 66 71 40 68 50 51 38 46 27 31 1 33 42 32 7 15 3 20 9 35 10 16 11 14 6 18 19 5 55 52 28 61 53 8 25 24 23 21 12 49 13 4 13 49 12 21 2 21 12 23 24 25 4 13 49 72 47 63 27 31 1 31 27 2 21 12 23 24 25 4 36 75 8 53 61 28 52 55 5 19 18 6 14 11 16 10 35 9 20 3 15 7 32 42 6 14 11 16 10 17 22 39 59 34 41 
2 44 58 66 50 40 68 51 38 46 27 31 1 33 42 32 7 15 3 20 9 35 10 16 11 14 6 18 19 5 55 52 28 61 53 8 25 24 23 21 12 49 13 4 13 49 12 21 2 21 12 23 24 25 4 13 49 72 47 63 27 31 1 31 27 2 21 12 23 24 25 4 36 75 8 53 61 28 52 55 5 19 18 6 14 11 16 10 35 9 20 3 15 7 32 42 6 14 11 16 10 17 22 39 59 34 41 
2 44 58 60 66 50 40 68 51 38 46 27 31 1 33 42 32 7 15 3 20 9 35 10 16 11 14 6 18 19 5 55 52 28 61 53 8 25 24 23 21 12 49 13 4 13 49 12 21 2 21 12 23 24 25 4 13 49 72 47 63 27 31 1 31 27 2 21 12 23 24 25 4 36 75 8 53 61 28 52 55 5 19 18 6 14 11 16 10 35 9 20 3 15 7 32 42 6 14 11 16 10 17 22 39 59 34 41 
2 44 58 66 40 68 51 38 46 27 31 1 33 42 32 7 15 3 20 9 35 10 16 11 14 6 18 19 5 55 52 28 61 53 8 25 24 23 21 12 49 13 4 13 49 12 21 2 21 12 23 24 25 4 13 49 72 47 63 27 31 1 31 27 2 21 12 23 24 25 4 36 75 8 53 61 28 52 55 5 19 18 6 14 11 16 10 35 9 20 3 15 7 32 42 6 14 11 16 10 17 22 39 59 34 41 
1 31 27 63 47 72 49 13 4 25 24 23 12 21 2 21 12 23 24 25 4 13 49 72 47 63 27 31 1 31 27 2 21 12 23 24 25 4 36 75 8 53 61 28 52 55 5 19 18 6 14 11 16 10 35 9 20 3 15 7 32 42 6 14 11 16 10 17 22 39 59 34 41 
1 80 31 27 63 47 72 49 13 4 25 24 23 12 21 2 21 12 23 24 25 4 13 49 72 47 63 27 31 1 31 27 2 21 12 23 24 25 4 36 75 8 53 61 28 52 55 5 19 18 6 14 11 16 10 35 9 20 3 15 7 32 42 6 14 11 16 10 17 22 39 59 34 41 
1 46 80 31 27 63 47 72 49 13 4 25 24 23 12 21 2 21 12 23 24 25 4 13 49 72 47 63 27 31 1 31 27 2 21 12 23 24 25 4 36 75 8 53 61 28 52 55 5 19 18 6 14 11 16 10 35 9 20 3 15 7 32 42 6 14 11 16 10 17 22 39 59 34 41 
1 38 46 80 31 27 63 47 72 49 13 4 25 24 23 12 21 2 21 12 23 24 25 4 13 49 72 47 63 27 31 1 31 27 2 21 12 23 24 25 4 36 75 8 53 61 28 52 55 5 19 18 6 14 11 16 10 35 9 20 3 15 7 32 42 6 14 11 16 10 17 22 39 59 34 41 
1 33 42 32 7 15 3 20 9 35 10 16 11 14 6 40 50 38 46 80 31 27 63 47 72 49 13 4 25 24 23 12 21 2 21 12 23 24 25 4 13 49 72 47 63 27 31 1 31 27 2 21 12 23 24 25 4 36 75 8 53 61 28 52 55 5 19 18 6 14 11 16 10 35 9 20 3 15 7 32 42 6 14 11 16 10 17 22 39 59 34 41 
1 51 33 42 32 7 15 3 20 9 35 10 16 11 14 6 40 50 38 46 80 31 27 63 47 72 49 13 4 25 24 23 12 21 2 21 12 23 24 25 4 13 49 72 47 63 27 31 1 31 27 2 21 12 23 24 25 4 36 75 8 53 61 28 52 55 5 19 18 6 14 11 16 10 35 9 20 3 15 7 32 42 6 14 11 16 10 17 22 39 59 34 41 
1 51 42 32 7 15 3 20 9 35 10 16 11 14 6 40 50 38 46 80 31 27 63 47 72 49 13 4 25 24 23 12 21 2 21 12 23 24 25 4 13 49 72 47 63 27 31 1 31 27 2 21 12 23 24 25 4 36 75 8 53 61 28 52 55 5 19 18 6 14 11 16 10 35 9 20 3 15 7 32 42 6 14 11 16 10 17 22 39 59 34 41 
1 33 51 42 32 7 15 3 20 9 35 10 16 11 14 6 40 50 38 46 80 31 27 63 47 72 49 13 4 25 24 23 12 21 2 21 12 23 24 25 4 13 49 72 47 63 27 31 1 31 27 2 21 12 23 24 25 4 36 75 8 53 61 28 52 55 5 19 18 6 14 11 16 10 35 9 20 3 15 7 32 42 6 14 11 16 10 17 22 39 59 34 41 
1 51 68 42 32 7 15 3 20 9 35 10 16 11 14 6 40 50 38 46 80 31 27 63 47 72 49 13 4 25 24 23 12 21 2 21 12 23 24 25 4 13 49 72 47 63 27 31 1 31 27 2 21 12 23 24 25 4 36 75 8 53 61 28 52 55 5 19 18 6 14 11 16 10 35 9 20 3 15 7 32 42 6 14 11 16 10 17 22 39 59 34 41 
1 33 51 68 42 32 7 15 3 20 9 35 10 16 11 14 6 40 50 38 46 80 31 27 63 47 72 49 13 4 25 24 23 12 21 2 21 12 23 24 25 4 13 49 72 47 63 27 31 1 31 27 2 21 12 23 24 25 4 36 75 8 53 61 28 52 55 5 19 18 6 14 11 16 10 35 9 20 3 15 7 32 42 6 14 11 16 10 17 22 39 59 34 41 
1 33 70 42 32 7 15 3 20 9 35 10 16 11 14 6 40 50 38 46 80 31 27 63 47 72 49 13 4 25 24 23 12 21 2 21 12 23 24 25 4 13 49 72 47 63 27 31 1 31 27 2 21 12 23 24 25 4 36 75 8 53 61 28 52 55 5 19 18 6 14 11 16 10 35 9 20 3 15 7 32 42 6 14 11 16 10 17 22 39 59 34 41 
1 51 33 70 42 32 7 15 3 20 9 35 10 16 11 14 6 40 50 38 46 80 31 27 63 47 72 49 13 4 25 24 23 12 21 2 21 12 23 24 25 4 13 49 72 47 63 27 31 1 31 27 2 21 12 23 24 25 4 36 75 8 53 61 28 52 55 5 19 18 6 14 11 16 10 35 9 20 3 15 7 32 42 6 14 11 16 10 17 22 39 59 34 41 
1 33 7 15 3 20 9 35 10 16 11 14 6 40 50 38 46 80 31 27 63 47 72 49 13 4 25 24 23 12 21 2 21 12 23 24 25 4 13 49 72 47 63 27 31 1 31 27 2 21 12 23 24 25 4 36 75 8 53 61 28 52 55 5 19 18 6 14 11 16 10 35 9 20 3 15 7 32 42 6 14 11 16 10 17 22 39 59 34 41 
1 51 42 33 7 15 3 20 9 35 10 16 11 14 6 40 50 38 46 80 31 27 63 47 72 49 13 4 25 24 23 12 21 2 21 12 23 24 25 4 13 49 72 47 63 27 31 1 31 27 2 21 12 23 24 25 4 36 75 8 53 61 28 52 55 5 19 18 6 14 11 16 10 35 9 20 3 15 7 32 42 6 14 11 16 10 17 22 39 59 34 41 
1 51 68 42 33 7 15 3 20 9 35 10 16 11 14 6 40 50 38 46 80 31 27 63 47 72 49 13 4 25 24 23 12 21 2 21 12 23 24 25 4 13 49 72 47 63 27 31 1 31 27 2 21 12 23 24 25 4 36 75 8 53 61 28 52 55 5 19 18 6 14 11 16 10 35 9 20 3 15 7 32 42 6 14 11 16 10 17 22 39 59 34 41 
1 51 33 7 15 3 20 9 35 10 16 11 14 6 40 50 38 46 80 31 27 63 47 72 49 13 4 25 24 23 12 21 2 21 12 23 24 25 4 13 49 72 47 63 27 31 1 31 27 2 21 12 23 24 25 4 36 75 8 53 61 28 52 55 5 19 18 6 14 11 16 10 35 9 20 3 15 7 32 42 6 14 11 16 10 17 22 39 59 34 41 
1 51 42 70 33 7 15 3 20 9 35 10 16 11 14 6 40 50 38 46 80 31 27 63 47 72 49 13 4 25 24 23 12 21 2 21 12 23 24 25 4 13 49 72 47 63 27 31 1 31 27 2 21 12 23 24 25 4 36 75 8 53 61 28 52 55 5 19 18 6 14 11 16 10 35 9 20 3 15 7 32 42 6 14 11 16 10 17 22 39 59 34 41 
1 51 68 42 70 33 7 15 3 20 9 35 10 16 11 14 6 40 50 38 46 80 31 27 63 47 72 49 13 4 25 24 23 12 21 2 21 12 23 24 25 4 13 49 72 47 63 27 31 1 31 27 2 21 12 23 24 25 4 36 75 8 53 61 28 52 55 5 19 18 6 14 11 16 10 35 9 20 3 15 7 32 42 6 14 11 16 10 17 22 39 59 34 41 
1 33 42 7 15 3 20 9 35 10 16 11 14 6 40 50 38 46 80 31 27 63 47 72 49 13 4 25 24 23 12 21 2 21 12 23 24 25 4 13 49 72 47 63 27 31 1 31 27 2 21 12 23 24 25 4 36 75 8 53 61 28 52 55 5 19 18 6 14 11 16 10 35 9 20 3 15 7 32 42 6 14 11 16 10 17 22 39 59 34 41 
1 51 33 42 7 15 3 20 9 35 10 16 11 14 6 40 50 38 46 80 31 27 63 47 72 49 13 4 25 24 23 12 21 2 21 12 23 24 25 4 13 49 72 47 63 27 31 1 31 27 2 21 12 23 24 25 4 36 75 8 53 61 28 52 55 5 19 18 6 14 11 16 10 35 9 20 3 15 7 32 42 6 14 11 16 10 17 22 39 59 34 41 
1 51 42 7 15 3 20 9 35 10 16 11 14 6 40 50 38 46 80 31 27 63 47 72 49 13 4 25 24 23 12 21 2 21 12 23 24 25 4 13 49 72 47 63 27 31 1 31 27 2 21 12 23 24 25 4 36 75 8 53 61 28 52 55 5 19 18 6 14 11 16 10 35 9 20 3 15 7 32 42 6 14 11 16 10 17 22 39 59 34 41 
1 33 51 42 7 15 3 20 9 35 10 16 11 14 6 40 50 38 46 80 31 27 63 47 72 49 13 4 25 24 23 12 21 2 21 12 23 24 25 4 13 49 72 47 63 27 31 1 31 27 2 21 12 23 24 25 4 36 75 8 53 61 28 52 55 5 19 18 6 14 11 16 10 35 9 20 3 15 7 32 42 6 14 11 16 10 17 22 39 59 34 41 
1 51 68 42 7 15 3 20 9 35 10 16 11 14 6 40 50 38 46 80 31 27 63 47 72 49 13 4 25 24 23 12 21 2 21 12 23 24 25 4 13 49 72 47 63 27 31 1 31 27 2 21 12 23 24 25 4 36 75 8 53 61 28 52 55 5 19 18 6 14 11 16 10 35 9 20 3 15 7 32 42 6 14 11 16 10 17 22 39 59 34 41 
1 33 51 68 42 7 15 3 20 9 35 10 16 11 14 6 40 50 38 46 80 31 27 63 47 72 49 13 4 25 24 23 12 21 2 21 12 23 24 25 4 13 49 72 47 63 27 31 1 31 27 2 21 12 23 24 25 4 36 75 8 53 61 28 52 55 5 19 18 6 14 11 16 10 35 9 20 3 15 7 32 42 6 14 11 16 10 17 22 39 59 34 41 
1 33 70 42 7 15 3 20 9 35 10 16 11 14 6 40 50 38 46 80 31 27 63 47 72 49 13 4 25 24 23 12 21 2 21 12 23 24 25 4 13 49 72 47 63 27 31 1 31 27 2 21 12 23 24 25 4 36 75 8 53 61 28 52 55 5 19 18 6 14 11 16 10 35 9 20 3 15 7 32 42 6 14 11 16 10 17 22 39 59 34 41 
1 51 33 70 42 7 15 3 20 9 35 10 16 11 14 6 40 50 38 46 80 31 27 63 47 72 49 13 4 25 24 23 12 21 2 21 12 23 24 25 4 13 49 72 47 63 27 31 1 31 27 2 21 12 23 24 25 4 36 75 8 53 61 28 52 55 5 19 18 6 14 11 16 10 35 9 20 3 15 7 32 42 6 14 11 16 10 17 22 39 59 34 41 
1 33 70 7 15 3 20 9 35 10 16 11 14 6 40 50 38 46 80 31 27 63 47 72 49 13 4 25 24 23 12 21 2 21 12 23 24 25 4 13 49 72 47 63 27 31 1 31 27 2 21 12 23 24 25 4 36 75 8 53 61 28 52 55 5 19 18 6 14 11 16 10 35 9 20 3 15 7 32 42 6 14 11 16 10 17 22 39 59 34 41 
1 51 42 33 70 7 15 3 20 9 35 10 16 11 14 6 40 50 38 46 80 31 27 63 47 72 49 13 4 25 24 23 12 21 2 21 12 23 24 25 4 13 49 72 47 63 27 31 1 31 27 2 21 12 23 24 25 4 36 75 8 53 61 28 52 55 5 19 18 6 14 11 16 10 35 9 20 3 15 7 32 42 6 14 11 16 10 17 22 39 59 34 41 
1 51 68 42 33 70 7 15 3 20 9 35 10 16 11 14 6 40 50 38 46 80 31 27 63 47 72 49 13 4 25 24 23 12 21 2 21 12 23 24 25 4 13 49 72 47 63 27 31 1 31 27 2 21 12 23 24 25 4 36 75 8 53 61 28 52 55 5 19 18 6 14 11 16 10 35 9 20 3 15 7 32 42 6 14 11 16 10 17 22 39 59 34 41 
1 51 33 70 7 15 3 20 9 35 10 16 11 14 6 40 50 38 46 80 31 27 63 47 72 49 13 4 25 24 23 12 21 2 21 12 23 24 25 4 13 49 72 47 63 27 31 1 31 27 2 21 12 23 24 25 4 36 75 8 53 61 28 52 55 5 19 18 6 14 11 16 10 35 9 20 3 15 7 32 42 6 14 11 16 10 17 22 39 59 34 41 
3 20 9 35 10 16 11 14 6 18 19 5 55 52 28 61 53 8 75 36 4 25 24 23 12 21 2 27 31 1 31 27 2 21 12 23 24 25 4 36 75 8 53 61 28 52 55 5 19 18 6 14 11 16 10 35 9 20 3 15 7 32 42 6 14 11 16 10 17 22 39 59 34 41 
3 15 20 9 35 10 16 11 14 6 18 19 5 55 52 28 61 53 8 75 36 4 25 24 23 12 21 2 27 31 1 31 27 2 21 12 23 24 25 4 36 75 8 53 61 28 52 55 5 19 18 6 14 11 16 10 35 9 20 3 15 7 32 42 6 14 11 16 10 17 22 39 59 34 41 
3 32 7 15 20 9 35 10 16 11 14 6 18 19 5 55 52 28 61 53 8 75 36 4 25 24 23 12 21 2 27 31 1 31 27 2 21 12 23 24 25 4 36 75 8 53 61 28 52 55 5 19 18 6 14 11 16 10 35 9 20 3 15 7 32 42 6 14 11 16 10 17 22 39 59 34 41 
3 42 32 7 15 20 9 35 10 16 11 14 6 18 19 5 55 52 28 61 53 8 75 36 4 25 24 23 12 21 2 27 31 1 31 27 2 21 12 23 24 25 4 36 75 8 53 61 28 52 55 5 19 18 6 14 11 16 10 35 9 20 3 15 7 32 42 6 14 11 16 10 17 22 39 59 34 41 
3 26 42 32 7 15 20 9 35 10 16 11 14 6 18 19 5 55 52 28 61 53 8 75 36 4 25 24 23 12 21 2 27 31 1 31 27 2 21 12 23 24 25 4 36 75 8 53 61 28 52 55 5 19 18 6 14 11 16 10 35 9 20 3 15 7 32 42 6 14 11 16 10 17 22 39 59 34 41 
3 43 26 42 32 7 15 20 9 35 10 16 11 14 6 18 19 5 55 52 28 61 53 8 75 36 4 25 24 23 12 21 2 27 31 1 31 27 2 21 12 23 24 25 4 36 75 8 53 61 28 52 55 5 19 18 6 14 11 16 10 35 9 20 3 15 7 32 42 6 14 11 16 10 17 22 39 59 34 41 
3 64 45 43 26 42 32 7 15 20 9 35 10 16 11 14 6 18 19 5 55 52 28 61 53 8 75 36 4 25 24 23 12 21 2 27 31 1 31 27 2 21 12 23 24 25 4 36 75 8 53 61 28 52 55 5 19 18 6 14 11 16 10 35 9 20 3 15 7 32 42 6 14 11 16 10 17 22 39 59 34 41 
3 64 43 26 42 32 7 15 20 9 35 10 16 11 14 6 18 19 5 55 52 28 61 53 8 75 36 4 25 24 23 12 21 2 27 31 1 31 27 2 21 12 23 24 25 4 36 75 8 53 61 28 52 55 5 19 18 6 14 11 16 10 35 9 20 3 15 7 32 42 6 14 11 16 10 17 22 39 59 34 41 
3 42 33 7 15 20 9 35 10 16 11 14 6 18 19 5 55 52 28 61 53 8 75 36 4 25 24 23 12 21 2 27 31 1 31 27 2 21 12 23 24 25 4 36 75 8 53 61 28 52 55 5 19 18 6 14 11 16 10 35 9 20 3 15 7 32 42 6 14 11 16 10 17 22 39 59 34 41 
3 26 42 33 7 15 20 9 35 10 16 11 14 6 18 19 5 55 52 28 61 53 8 75 36 4 25 24 23 12 21 2 27 31 1 31 27 2 21 12 23 24 25 4 36 75 8 53 61 28 52 55 5 19 18 6 14 11 16 10 35 9 20 3 15 7 32 42 6 14 11 16 10 17 22 39 59 34 41 
3 43 26 42 33 7 15 20 9 35 10 16 11 14 6 18 19 5 55 52 28 61 53 8 75 36 4 25 24 23 12 21 2 27 31 1 31 27 2 21 12 23 24 25 4 36 75 8 53 61 28 52 55 5 19 18 6 14 11 16 10 35 9 20 3 15 7 32 42 6 14 11 16 10 17 22 39 59 34 41 
3 64 45 43 26 42 33 7 15 20 9 35 10 16 11 14 6 18 19 5 55 52 28 61 53 8 75 36 4 25 24 23 12 21 2 27 31 1 31 27 2 21 12 23 24 25 4 36 75 8 53 61 28 52 55 5 19 18 6 14 11 16 10 35 9 20 3 15 7 32 42 6 14 11 16 10 17 22 39 59 34 41 
3 64 43 26 42 33 7 15 20 9 35 10 16 11 14 6 18 19 5 55 52 28 61 53 8 75 36 4 25 24 23 12 21 2 27 31 1 31 27 2 21 12 23 24 25 4 36 75 8 53 61 28 52 55 5 19 18 6 14 11 16 10 35 9 20 3 15 7 32 42 6 14 11 16 10 17 22 39 59 34 41 
3 32 42 33 7 15 20 9 35 10 16 11 14 6 18 19 5 55 52 28 61 53 8 75 36 4 25 24 23 12 21 2 27 31 1 31 27 2 21 12 23 24 25 4 36 75 8 53 61 28 52 55 5 19 18 6 14 11 16 10 35 9 20 3 15 7 32 42 6 14 11 16 10 17 22 39 59 34 41 
3 42 68 50 40 66 60 58 44 46 38 51 33 7 15 20 9 35 10 16 11 14 6 18 19 5 55 52 28 61 53 8 75 36 4 25 24 23 12 21 2 27 31 1 31 27 2 21 12 23 24 25 4 36 75 8 53 61 28 52 55 5 19 18 6 14 11 16 10 35 9 20 3 15 7 32 42 6 14 11 16 10 17 22 39 59 34 41 
3 26 42 68 50 40 66 60 58 44 46 38 51 33 7 15 20 9 35 10 16 11 14 6 18 19 5 55 52 28 61 53 8 75 36 4 25 24 23 12 21 2 27 31 1 31 27 2 21 12 23 24 25 4 36 75 8 53 61 28 52 55 5 19 18 6 14 11 16 10 35 9 20 3 15 7 32 42 6 14 11 16 10 17 22 39 59 34 41 
3 43 26 42 68 50 40 66 60 58 44 46 38 51 33 7 15 20 9 35 10 16 11 14 6 18 19 5 55 52 28 61 53 8 75 36 4 25 24 23 12 21 2 27 31 1 31 27 2 21 12 23 24 25 4 36 75 8 53 61 28 52 55 5 19 18 6 14 11 16 10 35 9 20 3 15 7 32 42 6 14 11 16 10 17 22 39 59 34 41 
3 64 45 43 26 42 68 50 40 66 60 58 44 46 38 51 33 7 15 20 9 35 10 16 11 14 6 18 19 5 55 52 28 61 53 8 75 36 4 25 24 23 12 21 2 27 31 1 31 27 2 21 12 23 24 25 4 36 75 8 53 61 28 52 55 5 19 18 6 14 11 16 10 35 9 20 3 15 7 32 42 6 14 11 16 10 17 22 39 59 34 41 
3 64 43 26 42 68 50 40 66 60 58 44 46 38 51 33 7 15 20 9 35 10 16 11 14 6 18 19 5 55 52 28 61 53 8 75 36 4 25 24 23 12 21 2 27 31 1 31 27 2 21 12 23 24 25 4 36 75 8 53 61 28 52 55 5 19 18 6 14 11 16 10 35 9 20 3 15 7 32 42 6 14 11 16 10 17 22 39 59 34 41 
3 32 42 68 50 40 66 60 58 44 46 38 51 33 7 15 20 9 35 10 16 11 14 6 18 19 5 55 52 28 61 53 8 75 36 4 25 24 23 12 21 2 27 31 1 31 27 2 21 12 23 24 25 4 36 75 8 53 61 28 52 55 5 19 18 6 14 11 16 10 35 9 20 3 15 7 32 42 6 14 11 16 10 17 22 39 59 34 41 
3 42 68 40 66 60 58 44 46 38 51 33 7 15 20 9 35 10 16 11 14 6 18 19 5 55 52 28 61 53 8 75 36 4 25 24 23 12 21 2 27 31 1 31 27 2 21 12 23 24 25 4 36 75 8 53 61 28 52 55 5 19 18 6 14 11 16 10 35 9 20 3 15 7 32 42 6 14 11 16 10 17 22 39 59 34 41 
3 26 42 68 40 66 60 58 44 46 38 51 33 7 15 20 9 35 10 16 11 14 6 18 19 5 55 52 28 61 53 8 75 36 4 25 24 23 12 21 2 27 31 1 31 27 2 21 12 23 24 25 4 36 75 8 53 61 28 52 55 5 19 18 6 14 11 16 10 35 9 20 3 15 7 32 42 6 14 11 16 10 17 22 39 59 34 41 
3 43 26 42 68 40 66 60 58 44 46 38 51 33 7 15 20 9 35 10 16 11 14 6 18 19 5 55 52 28 61 53 8 75 36 4 25 24 23 12 21 2 27 31 1 31 27 2 21 12 23 24 25 4 36 75 8 53 61 28 52 55 5 19 18 6 14 11 16 10 35 9 20 3 15 7 32 42 6 14 11 16 10 17 22 39 59 34 41 
3 64 45 43 26 42 68 40 66 60 58 44 46 38 51 33 7 15 20 9 35 10 16 11 14 6 18 19 5 55 52 28 61 53 8 75 36 4 25 24 23 12 21 2 27 31 1 31 27 2 21 12 23 24 25 4 36 75 8 53 61 28 52 55 5 19 18 6 14 11 16 10 35 9 20 3 15 7 32 42 6 14 11 16 10 17 22 39 59 34 41 
3 64 43 26 42 68 40 66 60 58 44 46 38 51 33 7 15 20 9 35 10 16 11 14 6 18 19 5 55 52 28 61 53 8 75 36 4 25 24 23 12 21 2 27 31 1 31 27 2 21 12 23 24 25 4 36 75 8 53 61 28 52 55 5 19 18 6 14 11 16 10 35 9 20 3 15 7 32 42 6 14 11 16 10 17 22 39 59 34 41 
3 32 42 68 40 66 60 58 44 46 38 51 33 7 15 20 9 35 10 16 11 14 6 18 19 5 55 52 28 61 53 8 75 36 4 25 24 23 12 21 2 27 31 1 31 27 2 21 12 23 24 25 4 36 75 8 53 61 28 52 55 5 19 18 6 14 11 16 10 35 9 20 3 15 7 32 42 6 14 11 16 10 17 22 39 59 34 41 
3 42 68 40 50 66 60 58 44 46 38 51 33 7 15 20 9 35 10 16 11 14 6 18 19 5 55 52 28 61 53 8 75 36 4 25 24 23 12 21 2 27 31 1 31 27 2 21 12 23 24 25 4 36 75 8 53 61 28 52 55 5 19 18 6 14 11 16 10 35 9 20 3 15 7 32 42 6 14 11 16 10 17 22 39 59 34 41 
3 26 42 68 40 50 66 60 58 44 46 38 51 33 7 15 20 9 35 10 16 11 14 6 18 19 5 55 52 28 61 53 8 75 36 4 25 24 23 12 21 2 27 31 1 31 27 2 21 12 23 24 25 4 36 75 8 53 61 28 52 55 5 19 18 6 14 11 16 10 35 9 20 3 15 7 32 42 6 14 11 16 10 17 22 39 59 34 41 
3 43 26 42 68 40 50 66 60 58 44 46 38 51 33 7 15 20 9 35 10 16 11 14 6 18 19 5 55 52 28 61 53 8 75 36 4 25 24 23 12 21 2 27 31 1 31 27 2 21 12 23 24 25 4 36 75 8 53 61 28 52 55 5 19 18 6 14 11 16 10 35 9 20 3 15 7 32 42 6 14 11 16 10 17 22 39 59 34 41 
3 64 45 43 26 42 68 40 50 66 60 58 44 46 38 51 33 7 15 20 9 35 10 16 11 14 6 18 19 5 55 52 28 61 53 8 75 36 4 25 24 23 12 21 2 27 31 1 31 27 2 21 12 23 24 25 4 36 75 8 53 61 28 52 55 5 19 18 6 14 11 16 10 35 9 20 3 15 7 32 42 6 14 11 16 10 17 22 39 59 34 41 
41 34 59 17 10 16 11 14 6 42 32 7 15 3 15 7 32 42 6 14 11 16 10 17 22 39 59 34 41 
41 34 59 22 17 10 43 16 11 14 6 42 32 7 15 3 15 7 32 42 6 14 11 16 10 17 22 39 59 34 41 
41 34 59 22 17 10 35 9 45 43 16 11 14 6 42 32 7 15 3 15 7 32 42 6 14 11 16 10 17 22 39 59 34 41 
41 34 59 22 17 10 45 43 16 11 14 6 42 32 7 15 3 15 7 32 42 6 14 11 16 10 17 22 39 59 34 41 
41 34 59 22 17 10 35 9 20 45 43 16 11 14 6 42 32 7 15 3 15 7 32 42 6 14 11 16 10 17 22 39 59 34 41 
41 34 59 22 17 10 35 9 48 20 45 43 16 11 14 6 42 32 7 15 3 15 7 32 42 6 14 11 16 10 17 22 39 59 34 41 
41 34 59 22 17 10 35 45 43 16 11 14 6 42 32 7 15 3 15 7 32 42 6 14 11 16 10 17 22 39 59 34 41 
41 34 59 22 17 10 35 9 20 64 45 43 16 11 14 6 42 32 7 15 3 15 7 32 42 6 14 11 16 10 17 22 39 59 34 41 
41 34 59 22 17 10 35 9 48 20 64 45 43 16 11 14 6 42 32 7 15 3 15 7 32 42 6 14 11 16 10 17 22 39 59 34 41 
41 34 59 22 17 10 35 9 20 64 43 16 11 14 6 42 32 7 15 3 15 7 32 42 6 14 11 16 10 17 22 39 59 34 41 
