01 0663 0496 Adana
02 0870 0426 Adiyaman
03 0336 0334 Afyon
04 1187 0236 Agri
05 0702 0179 Amasya
06 0494 0235 Ankara
07 0333 0491 Antalya
08 1095 0117 Artvin
09 0144 0396 Aydin
10 0160 0241 Balikesir
11 0306 0206 Bilecik
12 1018 0321 Bingol
13 1133 0357 Bitlis
14 0417 0163 Bolu
15 0320 0420 Burdur
16 0245 0198 Bursa
17 0070 0186 Canakkale
18 0550 0182 Cankiri
19 0638 0187 Corum
20 0230 0409 Denizli
21 1003 0405 Diyarbakir
22 0091 0057 Edirne
23 0929 0342 Elazig
24 0946 0249 Erzincan
25 1066 0230 Erzurum
26 0339 0241 Eskisehir
27 0808 0488 Gaziantep
28 0872 0153 Giresun
29 0941 0187 Gumushane
30 1251 0418 Hakkari
31 0724 0564 Hatay
32 0614 0509 Isparta
33 0614 0509 Icel
34 0246 0127 Istanbul
35 0107 0339 Izmir
36 1185 0155 Kars
37 0561 0114 Kastamonu
38 0135 0342 Kayseri
39 0135 0053 Kirklareli
40 0584 0307 Kirsehir
41 0305 0153 Kocaeli
42 0469 0418 Konya
43 0305 0271 Kutahya
44 0873 0376 Malatya
45 0120 0327 Manisa
46 0777 0443 Kahramanmaras
47 1046 0459 Mardin
48 0175 0453 Mugla
49 1087 0331 Mus
50 0621 0355 Nevsehir
51 0618 0409 Nigde
52 0837 0148 Ordu
53 1013 0135 Rize
54 0335 0153 Sakarya
55 0729 0121 Samsun
56 1124 0397 Siirt
57 0651 0058 Sinop
58 0778 0253 Sivas
59 0144 0121 Tekirdag
60 0748 0123 Tokat
61 0957 0143 Trabzon
62 0952 0304 Tunceli 
63 0909 0477 Sanliurfa
64 0256 0334 Usak
65 1218 0342 Van
66 0626 0250 Yozgat
67 0434 0103 Zonguldak
68 0572 0373 Aksaray
69 0995 0200 Bayburt
70 0516 0479 Karaman
71 0540 0249 Kirikkale
72 1072 0401 Batman
73 1165 0432 Sirnak
74 0470 0087 Bartin
75 1155 0118 Ardahan
76 1254 0212 Igdir
77 0261 0162 Yalova
78 0487 0128 Karabuk
79 0793 0519 Kilis
80 0727 0487 Osmaniye
81 0386 0156 Duzce